%YAML:1.0
---
M1: !!opencv-matrix
   rows: 3
   cols: 3
   dt: d
   data: [ 3.0594890547017053e+02, 0., 1.3858958413403343e+02, 0.,
       3.0580557508972265e+02, 1.3095370242330222e+02, 0., 0., 1. ]
D1: !!opencv-matrix
   rows: 1
   cols: 5
   dt: d
   data: [ 6.3251142666114910e-02, -4.6275113120314182e-01,
       7.0997049018425645e-04, 2.8947709273441594e-03,
       8.3016296275083978e-01 ]
M2: !!opencv-matrix
   rows: 3
   cols: 3
   dt: d
   data: [ 3.0531366634305874e+02, 0., 1.3784151659162154e+02, 0.,
       3.0515958394504935e+02, 1.2039802396054587e+02, 0., 0., 1. ]
D2: !!opencv-matrix
   rows: 1
   cols: 5
   dt: d
   data: [ 1.0828603337051868e-01, -1.7633083115866834e+00,
       -3.4198657281061091e-03, 8.9473627848757743e-04,
       7.2791031971851501e+00 ]
R: !!opencv-matrix
   rows: 3
   cols: 3
   dt: d
   data: [ 9.9995813490498642e-01, 1.0678546960460038e-03,
       9.0878008169866884e-03, -1.1670590644186746e-03,
       9.9993971667992876e-01, 1.0917920095149152e-02,
       -9.0755942219366333e-03, -1.0928069015706110e-02,
       9.9989910035818452e-01 ]
T: !!opencv-matrix
   rows: 3
   cols: 1
   dt: d
   data: [ -3.9375682530226491e+01, -2.0271483032372781e-02,
       4.1437635734962114e-01 ]
R1: !!opencv-matrix
   rows: 3
   cols: 3
   dt: d
   data: [ 9.9999753798854729e-01, 1.6975551296879428e-03,
       -1.4290988158594921e-03, -1.6897306595994685e-03,
       9.9998367397319954e-01, 5.4586259589697950e-03,
       1.4383418028516221e-03, -5.4561977276854157e-03,
       9.9998408041289077e-01 ]
R2: !!opencv-matrix
   rows: 3
   cols: 3
   dt: d
   data: [ 9.9994449837343669e-01, 5.1479381764392407e-04,
       -1.0523077497630422e-02, -5.7221575119432186e-04,
       9.9998496049484742e-01, -5.4544801083754356e-03,
       1.0520111303113922e-02, 5.4601988465525463e-03,
       9.9992975427613229e-01 ]
P1: !!opencv-matrix
   rows: 3
   cols: 4
   dt: d
   data: [ 3.0515958394504935e+02, 0., 1.5396846389770508e+02, 0., 0.,
       3.0515958394504935e+02, 1.2518226909637451e+02, 0., 0., 0., 1.,
       0. ]
P2: !!opencv-matrix
   rows: 3
   cols: 4
   dt: d
   data: [ 3.0515958394504935e+02, 0., 1.5396846389770508e+02,
       -1.2016533835649794e+04, 0., 3.0515958394504935e+02,
       1.2518226909637451e+02, 0., 0., 0., 1., 0. ]
Q: !!opencv-matrix
   rows: 4
   cols: 4
   dt: d
   data: [ 1., 0., 0., -1.5396846389770508e+02, 0., 1., 0.,
       -1.2518226909637451e+02, 0., 0., 0., 3.0515958394504935e+02, 0.,
       0., 2.5394975632634070e-02, 0. ]
