%YAML:1.0
---
M1: !!opencv-matrix
   rows: 3
   cols: 3
   dt: d
   data: [ 3.3641054291977440e+02, 0., 1.5218158743163107e+02, 0.,
       3.3933686529610981e+02, 1.3798347561312119e+02, 0., 0., 1. ]
D1: !!opencv-matrix
   rows: 1
   cols: 5
   dt: d
   data: [ 1.8404648105151153e-01, -1.5526765155502384e+00,
       -4.0919293957310395e-04, 1.0424099901503959e-02,
       5.9592924788682717e+00 ]
M2: !!opencv-matrix
   rows: 3
   cols: 3
   dt: d
   data: [ 3.8352570610607836e+02, 0., 1.7461712408095696e+02, 0.,
       3.8563627461965115e+02, 1.2847339532125278e+02, 0., 0., 1. ]
D2: !!opencv-matrix
   rows: 1
   cols: 5
   dt: d
   data: [ 2.7918809661740068e-01, -2.6163870130709435e+00,
       2.7121732020325704e-03, 1.0352640148328809e-02,
       1.5090138165910286e+01 ]
R: !!opencv-matrix
   rows: 3
   cols: 3
   dt: d
   data: [ 9.9975843010215859e-01, -1.2689188338246021e-04,
       2.1978747419204313e-02, -2.9650208094637370e-05,
       9.9997463809767706e-01, 7.1219577564757639e-03,
       -2.1979093714992178e-02, -7.1208889803027406e-03,
       9.9973307056413707e-01 ]
T: !!opencv-matrix
   rows: 3
   cols: 1
   dt: d
   data: [ -4.2667041230140661e+01, -4.6472849052634763e-01,
       9.0708370559103049e+00 ]
R1: !!opencv-matrix
   rows: 3
   cols: 3
   dt: d
   data: [ 9.8241794036874097e-01, 1.2009585640753693e-02,
       -1.8630824000665780e-01, -1.1357700075623221e-02,
       9.9992507448474188e-01, 4.5659682079089827e-03,
       1.8634911615200428e-01, -2.3696559709902492e-03,
       9.8248073347010012e-01 ]
R2: !!opencv-matrix
   rows: 3
   cols: 3
   dt: d
   data: [ 9.7808427209908533e-01, 1.0653272743437206e-02,
       -2.0793668375795629e-01, -1.1381484511153211e-02,
       9.9993256987353729e-01, -2.3059740730864112e-03,
       2.0789809639033438e-01, 4.6220651182458270e-03,
       9.7813956981164907e-01 ]
P1: !!opencv-matrix
   rows: 3
   cols: 4
   dt: d
   data: [ 3.6539356686009705e+02, 0., 2.4888796806335449e+02, 0., 0.,
       3.6539356686009705e+02, 1.2554490852355957e+02, 0., 0., 0., 1.,
       0. ]
P2: !!opencv-matrix
   rows: 3
   cols: 4
   dt: d
   data: [ 3.6539356686009705e+02, 0., 2.4888796806335449e+02,
       -1.5939590101974913e+04, 0., 3.6539356686009705e+02,
       1.2554490852355957e+02, 0., 0., 0., 1., 0. ]
Q: !!opencv-matrix
   rows: 4
   cols: 4
   dt: d
   data: [ 1., 0., 0., -2.4888796806335449e+02, 0., 1., 0.,
       -1.2554490852355957e+02, 0., 0., 0., 3.6539356686009705e+02, 0.,
       0., 2.2923648884473187e-02, 0. ]
